	0	0
0.1	0.000000525319	0.0000000191101
0.2	0.000000908079	0.0000000328555
0.3	0.00000135632	0.0000000488129
0.4	0.00000187411	0.0000000670862
0.5	0.00000246893	0.000000087897
0.6	0.00000314574	0.000000111376
0.7	0.00000390926	0.000000137639
0.8	0.00000476371	0.000000166782
0.9	0.00000571344	0.000000198893
1	0.00000676204	0.000000234041
1.5	0.0000136121	0.000000457258
2	0.0000234234	0.000000762275
2.5	0.0000365055	0.00000114858
3	0.0000530686	0.00000161068
3.5	0.0000732212	0.00000213847
4	0.0000969726	0.00000271775
4.5	0.000124236	0.00000333085
5	0.000154831	0.00000395736
5.5	0.0001885	0.00000457485
6	0.000224907	0.00000515974
6.5	0.000263652	0.00000568795
7	0.00030428	0.00000613585
7.5	0.000346292	0.00000648094
8	0.000389149	0.00000670257
8.5	0.000432294	0.00000678272
9	0.000475149	0.00000670662
9.5	0.000517132	0.00000646336
10	0.000557661	0.00000604653
11	0.000632101	0.00000469197
12	0.000694181	0.00000336063
13	0.000740143	0.00000334976
14	0.000766947	0.00000317991
15	0.000772446	0.00000493994
16	0.000755524	0.00000672649
17	0.0007162	0.00000715465
18	0.000655717	0.000000898495
19	0.000576617	0.0000000303332
20	0.000482778	0.000000935245
21	0.000379455	0.00000188314
22	0.000273298	0.00000276768
23	0.000172353	0.00000351163
24	0.0000860732	0.0000040265
25	0.0000252971	0.0000042126
26	0.00000223459	0.00000395931
27	0.00000244028	0.00000000186119
28	0.00000265457	0.0000000020273
29	0.0000028768	0.00000000220007
30	0.00000310733	0.00000000237985
31	0.0000033452	0.00000000256507
32	0.0000035909	0.00000000275677
33	0.00000384388	0.00000000295494
34	0.00000410423	0.00000000315958
35	0.00000437178	0.00000000337069
36	0.00000464565	0.00000000358594
37	0.0000049257	0.00000000380692
38	0.00000521229	0.00000000403364
39	0.00000550519	0.00000000426609
40	0.0000058043	0.00000000450427
41	0.00000610854	0.00000000474645
42	0.00000641854	0.00000000499378
43	0.00000673359	0.00000000524566
44	0.00000705405	0.00000000550253
45	0.00000737943	0.0000000057644
46	0.00000770923	0.00000000602964
47	0.00000804374	0.00000000629932
48	0.00000838296	0.00000000657345
49	0.00000872624	0.00000000685203
50	0.00000907361	0.0000000071345
51	0.00000942458	0.00000000741981
52	0.00000977942	0.00000000770892
53	0.0000101377	0.00000000800185
54	0.0000104997	0.00000000829858
55	0.0000108651	0.00000000859912
56	0.0000112334	0.00000000890213
57	0.0000116045	0.00000000920804
58	0.0000119785	0.00000000951719
59	0.0000123553	0.00000000982959
60	0.000012735	0.0000000101452
61	0.0000131167	0.0000000104629
62	0.0000135009	0.0000000107835
63	0.0000138874	0.0000000111068
64	0.000014276	0.0000000114327
65	0.0000146666	0.0000000117613
66	0.000015059	0.0000000120916
67	0.0000154531	0.0000000124242
68	0.0000158491	0.0000000127593
69	0.0000162466	0.0000000130968
70	0.0000166458	0.0000000134367
71	0.000017046	0.0000000137777
72	0.0000174477	0.0000000141208
73	0.0000178505	0.0000000144658
74	0.0000182545	0.0000000148129
75	0.0000186597	0.0000000151619
76	0.0000190657	0.0000000155122
77	0.0000194726	0.0000000158642
78	0.0000198803	0.0000000162176
79	0.0000202887	0.0000000165728
80	0.0000206979	0.0000000169296
81	0.0000211075	0.0000000172874
82	0.0000215177	0.0000000176466
83	0.0000219283	0.0000000180072
84	0.0000223396	0.0000000183692
85	0.000022751	0.0000000187325
86	0.0000231626	0.0000000190966
87	0.0000235744	0.0000000194618
88	0.0000239864	0.0000000198282
89	0.0000243986	0.0000000201957
90	0.0000248109	0.0000000205644
91	0.0000252231	0.0000000209338
92	0.0000256352	0.0000000213039
93	0.0000260472	0.000000021675
94	0.000026459	0.000000022047
95	0.0000268708	0.00000002242
96	0.0000272823	0.0000000227934
97	0.0000276934	0.0000000231677
98	0.0000281043	0.0000000235427
99	0.0000285148	0.0000000239183
100	0.0000289249	0.0000000242947
107	0.0000317811	0.000000026943
114	0.0000346045	0.0000000296109
121	0.0000373858	0.0000000322897
128	0.0000401176	0.0000000349726
135	0.0000427941	0.0000000376537
142	0.0000454109	0.0000000403277
149	0.0000479645	0.0000000429906
156	0.0000504527	0.0000000456386
163	0.0000528736	0.0000000482686
170	0.0000552262	0.0000000508778
177	0.0000575101	0.0000000534638
184	0.0000597253	0.0000000560246
191	0.0000618723	0.0000000585585
198	0.0000639517	0.0000000610638
205	0.0000659648	0.0000000635392
212	0.0000679129	0.0000000659834
219	0.0000697977	0.0000000683955
226	0.0000716205	0.0000000707746
233	0.0000733832	0.0000000731197
240	0.0000750876	0.0000000754302
247	0.0000767346	0.0000000777055
254	0.000078323	0.0000000799449
261	0.000079854	0.000000082148
268	0.0000813296	0.0000000843142
275	0.0000827518	0.0000000864432
282	0.0000841167	0.000000088535
289	0.0000854222	0.000000090589
296	0.0000866691	0.0000000926047
303	0.0000878551	0.0000000945823
310	0.00008898	0.0000000965208
317	0.0000900453	0.0000000984213
324	0.0000910517	0.000000100282
331	0.0000920004	0.000000102105
338	0.0000928912	0.000000103888
345	0.0000937253	0.000000105632
352	0.0000945036	0.000000107336
359	0.0000952276	0.000000109002
366	0.0000958981	0.000000110628
373	0.0000965162	0.000000112214
380	0.0000970828	0.000000113761
387	0.0000975992	0.000000115268
394	0.0000980667	0.000000116736
401	0.0000984865	0.000000118165
408	0.0000988599	0.000000119553
415	0.0000991883	0.000000120903
422	0.0000994732	0.000000122213
429	0.0000997156	0.000000123484
436	0.0000999163	0.000000124715
443	0.000100076	0.000000125907
450	0.000100197	0.000000127061
457	0.000100281	0.000000128175
464	0.000100328	0.00000012925
471	0.000100341	0.000000130287
478	0.000100321	0.000000131284
485	0.000100269	0.000000132243
492	0.000100186	0.000000133164
499	0.000100073	0.000000134046
506	0.0000999329	0.00000013489
513	0.0000997662	0.000000135695
520	0.0000995749	0.000000136463
527	0.0000993607	0.000000137193
534	0.000099125	0.000000137886
541	0.000098868	0.000000138541
548	0.0000985912	0.000000139158
555	0.0000982965	0.000000139738
562	0.0000979854	0.000000140282
569	0.0000976586	0.000000140789
576	0.0000973166	0.00000014126
583	0.0000969614	0.000000141694
590	0.0000965943	0.000000142092
597	0.0000962169	0.000000142454
604	0.0000958308	0.000000142781
611	0.0000954365	0.000000143072
618	0.0000950354	0.000000143329
625	0.000094623	0.00000014355
632	0.0000941985	0.000000143737
639	0.0000937633	0.00000014389
646	0.0000933187	0.000000144008
653	0.0000928659	0.000000144093
660	0.0000924064	0.000000144144
667	0.0000919414	0.000000144162
674	0.0000914727	0.000000144147
681	0.0000910012	0.0000001441
688	0.0000905283	0.00000014402
695	0.0000900545	0.000000143909
702	0.0000895764	0.000000143766
709	0.000089082	0.000000143591
716	0.0000885706	0.000000143386
723	0.0000880418	0.00000014315
730	0.0000874961	0.000000142884
737	0.0000869344	0.000000142588
744	0.0000863571	0.000000142263
751	0.0000857649	0.000000141908
758	0.0000851586	0.000000141525
765	0.0000845384	0.000000141113
772	0.0000839055	0.000000140674
779	0.0000832595	0.000000140207
786	0.0000825995	0.000000139713
793	0.0000819245	0.000000139192
800	0.0000812351	0.000000138644
807	0.000080532	0.000000138072
814	0.0000798155	0.000000137473
821	0.0000790863	0.000000136849
828	0.000078345	0.000000136202
835	0.0000775922	0.00000013553
842	0.0000768281	0.000000134834
849	0.0000760539	0.000000134115
856	0.0000752697	0.000000133374
863	0.0000744764	0.00000013261
870	0.0000736746	0.000000131825
877	0.0000728648	0.000000131019
884	0.0000720473	0.000000130192
891	0.0000712223	0.000000129345
898	0.0000703902	0.000000128478
905	0.0000695517	0.000000127592
912	0.0000687074	0.000000126687
919	0.000067858	0.000000125765
926	0.0000670043	0.000000124825
933	0.0000661464	0.000000123867
940	0.0000652856	0.000000122894
947	0.0000644221	0.000000121905
954	0.0000635569	0.000000120901
961	0.0000626905	0.000000119882
968	0.0000618235	0.000000118848
975	0.0000609567	0.000000117802
982	0.0000600909	0.000000116742
989	0.0000592267	0.00000011567
996	0.0000583642	0.000000114587
1003	0.0000575036	0.000000113493
1010	0.0000566446	0.000000112387
1017	0.0000557888	0.000000111273
1024	0.0000549351	0.000000110148
1031	0.0000540828	0.000000109016
1038	0.0000532321	0.000000107875
1045	0.0000523837	0.000000106727
1052	0.0000515385	0.000000105573
1059	0.0000506969	0.000000104412
1066	0.0000498597	0.000000103247
1073	0.0000490273	0.000000102076
1080	0.0000482003	0.000000100902
1087	0.000047378	0.0000000997244
1094	0.0000465607	0.000000098544
1101	0.0000457492	0.0000000973618
1108	0.000044944	0.0000000961784
1115	0.0000441457	0.0000000949942
1122	0.0000433518	0.0000000938098
1129	0.0000425616	0.0000000926267
1136	0.0000417747	0.0000000914448
1143	0.0000409917	0.000000090265
1150	0.000040213	0.0000000890881
1157	0.0000394391	0.0000000879144
1164	0.0000386706	0.0000000867448
1171	0.000037908	0.0000000855802
1178	0.0000371518	0.0000000844209
1185	0.0000364024	0.0000000832677
1192	0.0000356605	0.0000000821214
1199	0.0000349265	0.0000000809824
1206	0.0000342009	0.0000000798511
1213	0.0000334844	0.0000000787285
1220	0.0000327773	0.000000077615
1227	0.0000320804	0.0000000765114
1234	0.0000313941	0.0000000754181
1241	0.0000307188	0.0000000743353
1248	0.0000300554	0.0000000732642
1255	0.0000294042	0.0000000722049
1262	0.0000287658	0.0000000711579
1269	0.0000281374	0.0000000701237
1276	0.0000275178	0.0000000691027
1283	0.0000269074	0.0000000680954
1290	0.0000263066	0.000000067102
1297	0.000025716	0.0000000661229
1304	0.0000251357	0.000000065158
1311	0.0000245666	0.0000000642082
1318	0.0000240089	0.0000000632736
1325	0.0000234632	0.000000062354
1332	0.0000229299	0.0000000614498
1339	0.0000224096	0.000000060561
1346	0.0000219025	0.0000000596876
1353	0.0000214092	0.0000000588296
1360	0.0000209251	0.000000057987
1367	0.0000204479	0.0000000571597
1374	0.0000199779	0.0000000563475
1381	0.0000195154	0.0000000555501
1388	0.0000190608	0.0000000547675
1395	0.0000186143	0.0000000539992
1402	0.000018175	0.000000053245
1409	0.0000177424	0.0000000525045
1416	0.0000173168	0.0000000517774
1423	0.0000168985	0.000000051063
1430	0.0000164878	0.000000050361
1437	0.0000160851	0.000000049671
1444	0.0000156905	0.0000000489923
1451	0.0000153045	0.0000000483245
1458	0.0000149273	0.0000000476671
1465	0.0000145593	0.0000000470195
1472	0.0000142008	0.0000000463812
1479	0.0000138521	0.0000000457516
1486	0.0000135136	0.0000000451305
1493	0.0000131855	0.0000000445173
1500	0.0000128682	0.0000000439117
1507	0.0000125611	0.0000000433135
1514	0.0000122638	0.0000000427222
1521	0.0000119728	0.0000000421378
1528	0.0000116849	0.0000000415599
1535	0.0000114001	0.0000000409882
1542	0.0000111187	0.0000000404225
1549	0.0000108408	0.0000000398626
1556	0.0000105667	0.0000000393083
1563	0.0000102964	0.0000000387594
1570	0.0000100303	0.0000000382156
1577	0.00000976839	0.0000000376765
1584	0.00000951102	0.000000037142
1591	0.0000092583	0.0000000366116
1598	0.00000901049	0.0000000360851
1605	0.00000876776	0.0000000355621
1612	0.00000853033	0.0000000350421
1619	0.00000829843	0.000000034525
1626	0.00000807225	0.0000000340101
1633	0.00000785204	0.0000000334973
1640	0.000007638	0.0000000329861
1647	0.00000743038	0.000000032476
1654	0.00000722941	0.0000000319668
1661	0.0000070353	0.0000000314581
1668	0.00000684781	0.0000000309494
1675	0.00000666575	0.0000000304405
1682	0.00000648922	0.000000029931
1689	0.0000063184	0.0000000294206
1696	0.00000615345	0.000000028909
1703	0.00000599457	0.0000000283962
1710	0.00000584193	0.0000000278818
1717	0.00000569571	0.0000000273658
1724	0.0000055561	0.0000000268481
1731	0.00000542327	0.0000000263287
1738	0.00000529713	0.000000025808
1745	0.00000517334	0.0000000252858
1752	0.00000505037	0.0000000247618
1759	0.00000492833	0.000000024236
1766	0.00000480731	0.0000000237087
1773	0.00000468739	0.00000002318
1780	0.00000456868	0.0000000226501
1787	0.00000445128	0.0000000221191
1794	0.00000433531	0.0000000215874
1801	0.00000422087	0.0000000210551
1808	0.00000410807	0.0000000205224
1815	0.0000039966	0.0000000199896
1822	0.00000388582	0.0000000194568
1829	0.00000377579	0.0000000189244
1836	0.00000366654	0.0000000183924
1843	0.00000355817	0.0000000178614
1850	0.00000345072	0.0000000173313
1857	0.00000334419	0.0000000168026
1864	0.00000323807	0.0000000162754
1871	0.0000031323	0.0000000157502
1878	0.00000302696	0.0000000152271
1885	0.00000292208	0.0000000147065
1892	0.00000281773	0.0000000141887
1899	0.00000271397	0.0000000136739
1906	0.00000261088	0.0000000131626
1913	0.0000025085	0.0000000126549
1920	0.00000240693	0.0000000121514
1927	0.00000230621	0.0000000116523
1934	0.00000220642	0.000000011158
1941	0.00000210764	0.0000000106688
1948	0.00000200994	0.0000000101852
1955	0.00000191339	0.00000000970742
1962	0.00000181809	0.00000000923607
1969	0.0000017241	0.00000000877174
1976	0.00000163151	0.00000000831458
1983	0.0000015404	0.00000000786501
1990	0.00000145087	0.00000000742348
1997	0.00000136298	0.00000000699038
2004	0.00000127686	0.00000000656627
2011	0.00000119257	0.00000000615149
2018	0.00000111022	0.00000000574662
2025	0.00000102991	0.00000000535212
2032	0.000000951725	0.00000000496841
2039	0.000000875779	0.00000000459608
2046	0.00000080217	0.00000000423559
2053	0.000000731006	0.00000000388748
2060	0.000000662393	0.00000000355226
2067	0.000000596441	0.00000000323045
2074	0.000000533264	0.00000000292258
2081	0.000000472975	0.00000000262918
2088	0.000000415693	0.00000000235074
2095	0.000000361536	0.00000000208776
2102	0.000000310625	0.0000000018407
2109	0.000000263084	0.00000000160996
2116	0.00000021904	0.00000000139587
2123	0.00000017862	0.00000000119862
2130	0.000000141955	0.00000000101826
2137	0.000000109178	0.000000000854537
2144	0.0000000804232	0.000000000706863
2151	0.0000000558272	0.000000000574154
2158	0.0000000355278	0.000000000454689
2165	0.0000000196641	0.000000000346007
2172	0.00000000837518	0.000000000244874
2179	0.0000000017975	0.000000000147407
2185	0	0