0	0	0
0.2	0.000000000000202181	1.16898e-18
0.4	0.000000000000609486	3.5566e-18
0.6	0.00000000000122227	7.16286e-18
0.8	0.0000000000023816	1.20807e-17
1	0.0000000000039296	1.84286e-17
1.5	0.0000000000125503	1.86474e-16
2	0.000000000033203	9.35197e-16
2.5	0.000000000103232	0.0000000000000173147
3	0.000000000199099	0.0000000000000417677
3.5	0.000000000388635	0.000000000000112068
4	0.000000000716331	0.000000000000330091
4.5	0.0000000013301	0.00000000000604221
5	0.00000000308533	0.0000000000420399
5.5	0.00000000651574	0.000000000107938
6	0.0000000162495	0.000000000447091
6.5	0.0000000275256	0.000000000866515
7	0.0000000403319	0.00000000134725
7.5	0.0000000546692	0.00000000188793
8	0.0000000705372	0.00000000248823
8.5	0.0000000879906	0.00000000314804
9	0.000000106987	0.0000000038673
9.5	0.00000012754	0.00000000464599
10	0.00000014964	0.00000000548409
11	0.000000198486	0.00000000733849
12	0.000000253526	0.00000000943045
13	0.00000031521	0.00000001176
14	0.000000383231	0.000000014327
15	0.000000457591	0.0000000171316
16	0.000000538301	0.0000000201737
17	0.000000627475	0.0000000234609
18	0.000000723471	0.0000000269874
19	0.000000826433	0.0000000307531
20	0.000000936259	0.0000000347581
21	0.00000106164	0.0000000394242
22	0.00000119546	0.0000000444062
23	0.00000133772	0.0000000497042
24	0.00000148843	0.000000055318
25	0.00000164782	0.0000000612487
26	0.00000181571	0.0000000674956
27	0.00000199208	0.0000000740586
28	0.00000217694	0.0000000809378
29	0.00000237026	0.000000088133
30	0.00000257206	0.0000000956445
31	0.00000278042	0.000000103382
32	0.0000029969	0.00000011142
33	0.00000322088	0.000000119756
34	0.00000345283	0.00000012839
35	0.00000369275	0.000000137325
36	0.00000394064	0.000000146558
37	0.00000419636	0.000000156091
38	0.00000446001	0.000000165923
39	0.00000473157	0.000000176055
40	0.00000501105	0.000000186486
41	0.00000529255	0.000000196968
42	0.00000558085	0.000000207706
43	0.00000587584	0.000000218697
44	0.0000061776	0.000000229942
45	0.00000648609	0.000000241442
46	0.00000680133	0.000000253196
47	0.00000712331	0.000000265205
48	0.00000745204	0.000000277467
49	0.00000778653	0.000000289981
50	0.00000812753	0.000000302748
51	0.00000846982	0.000000315514
52	0.00000881766	0.000000328488
53	0.00000917103	0.000000341669
54	0.00000952994	0.000000355058
55	0.00000989429	0.000000368653
56	0.0000102642	0.000000382456
57	0.0000106387	0.000000396464
58	0.0000110187	0.000000410678
59	0.0000114039	0.000000425099
60	0.0000117945	0.000000439726
61	0.0000121857	0.000000454339
62	0.0000125814	0.000000469119
63	0.0000129815	0.000000484065
64	0.0000133861	0.000000499177
65	0.0000137945	0.000000514453
66	0.0000142072	0.000000529895
67	0.0000146241	0.000000545503
68	0.0000150453	0.000000561278
69	0.0000154707	0.000000577217
70	0.0000159004	0.000000593323
71	0.0000163307	0.000000609414
72	0.0000167645	0.000000625637
73	0.0000172013	0.000000641992
74	0.0000176415	0.000000658479
75	0.0000180851	0.000000675098
76	0.0000185322	0.00000069185
77	0.0000189827	0.000000708735
78	0.0000194366	0.000000725752
79	0.0000198939	0.000000742901
80	0.0000203545	0.000000760183
81	0.0000208152	0.000000777452
82	0.0000212786	0.000000794826
83	0.0000217447	0.000000812306
84	0.0000222137	0.000000829893
85	0.0000226853	0.000000847585
86	0.0000231596	0.000000865383
87	0.0000236367	0.000000883287
88	0.0000241165	0.000000901296
89	0.0000245986	0.000000919411
90	0.0000250834	0.00000093763
91	0.0000255684	0.000000955841
92	0.0000260556	0.000000974135
93	0.0000265449	0.000000992515
94	0.0000270365	0.00000101098
95	0.0000275303	0.00000102953
96	0.0000280262	0.00000104816
97	0.000028524	0.00000106688
98	0.0000290238	0.00000108568
99	0.0000295258	0.00000110456
100	0.0000300299	0.00000112353
110	0.0000351486	0.00000131621
120	0.0000404032	0.00000151431
130	0.000045764	0.00000171676
140	0.000051208	0.0000019227
150	0.0000567162	0.0000021314
160	0.0000622729	0.00000234229
170	0.0000678652	0.00000255489
180	0.0000734825	0.00000276881
190	0.0000791158	0.00000298371
200	0.0000847577	0.00000319931
210	0.0000904017	0.00000341536
220	0.0000960426	0.00000363167
230	0.000101675	0.00000384806
240	0.000107296	0.00000406437
250	0.000112902	0.00000428046
260	0.000118489	0.00000449623
270	0.000124055	0.00000471155
280	0.000129597	0.00000492635
290	0.000135114	0.00000514054
300	0.000140602	0.000005354
310	0.000146061	0.00000556671
320	0.000151489	0.0000057786
330	0.000156886	0.00000598964
340	0.000162247	0.00000619968
350	0.000167574	0.00000640875
360	0.000172865	0.00000661678
370	0.000178118	0.00000682369
380	0.000183333	0.00000702946
390	0.00018851	0.00000723412
400	0.000193646	0.00000743753
410	0.000198741	0.00000763968
420	0.000203795	0.00000784053
430	0.000208806	0.00000804008
440	0.000213775	0.00000823828
450	0.000218701	0.00000843513
460	0.000223582	0.00000863052
470	0.000228418	0.00000882447
480	0.000233207	0.00000901697
490	0.000237949	0.00000920791
500	0.000242643	0.00000939736
510	0.000247289	0.00000958526
520	0.000251886	0.00000977156
530	0.000256434	0.00000995626
540	0.000260932	0.0000101393
550	0.000265379	0.0000103207
560	0.000269776	0.0000105005
570	0.000274121	0.0000106785
580	0.000278413	0.0000108548
590	0.000282654	0.0000110293
600	0.000286842	0.0000112021
610	0.000290976	0.000011373
620	0.000295057	0.0000115422
630	0.000299084	0.0000117095
640	0.000303056	0.0000118749
650	0.000306974	0.0000120385
660	0.000310836	0.0000122002
670	0.000314643	0.00001236
680	0.000318395	0.0000125178
690	0.00032209	0.0000126737
700	0.000325728	0.0000128276
710	0.00032931	0.0000129795
720	0.000332835	0.0000131295
730	0.000336302	0.0000132773
740	0.000339712	0.0000134232
750	0.000343065	0.0000135671
760	0.000346358	0.0000137088
770	0.000349594	0.0000138484
780	0.000352772	0.000013986
790	0.000355891	0.0000141214
800	0.000358951	0.0000142548
810	0.000361952	0.0000143859
820	0.000364895	0.000014515
830	0.000367777	0.0000146418
840	0.000370601	0.0000147665
850	0.000373364	0.000014889
860	0.000376067	0.0000150093
870	0.000378712	0.0000151274
880	0.000381296	0.0000152432
890	0.00038382	0.0000153568
900	0.000386284	0.0000154682
910	0.000388687	0.0000155773
920	0.000391029	0.0000156841
930	0.00039331	0.0000157887
940	0.000395529	0.0000158909
950	0.000397686	0.0000159909
960	0.000399781	0.0000160886
970	0.000401814	0.000016184
980	0.000403785	0.000016277
990	0.000405695	0.0000163677
1000	0.000407542	0.0000164561
1010	0.000409327	0.0000165421
1020	0.00041105	0.0000166258
1030	0.000412712	0.0000167072
1040	0.000414312	0.0000167862
1050	0.00041585	0.0000168628
1060	0.000417326	0.0000169371
1070	0.00041874	0.000017009
1080	0.000420093	0.0000170785
1090	0.000421384	0.0000171456
1100	0.000422615	0.0000172104
1110	0.000423784	0.0000172728
1120	0.000424891	0.0000173328
1130	0.000425938	0.0000173904
1140	0.000426924	0.0000174456
1150	0.000427849	0.0000174984
1160	0.000428713	0.0000175488
1170	0.000429516	0.0000175968
1180	0.00043026	0.0000176424
1190	0.000430943	0.0000176857
1200	0.000431567	0.0000177265
1210	0.000432131	0.0000177649
1220	0.000432635	0.000017801
1230	0.00043308	0.0000178346
1240	0.000433467	0.0000178659
1250	0.000433795	0.0000178947
1260	0.000434065	0.0000179212
1270	0.000434277	0.0000179453
1280	0.000434429	0.000017967
1290	0.000434521	0.0000179863
1300	0.000434553	0.0000180032
1310	0.000434525	0.0000180178
1320	0.000434437	0.00001803
1330	0.00043429	0.0000180398
1340	0.000434084	0.0000180473
1350	0.000433819	0.0000180524
1360	0.000433495	0.0000180552
1370	0.000433113	0.0000180556
1380	0.000432673	0.0000180537
1390	0.000432175	0.0000180494
1400	0.00043162	0.0000180428
1410	0.000431008	0.0000180339
1420	0.00043034	0.0000180228
1430	0.000429614	0.0000180093
1440	0.000428833	0.0000179935
1450	0.000427997	0.0000179754
1460	0.000427105	0.0000179551
1470	0.000426159	0.0000179324
1480	0.000425157	0.0000179075
1490	0.000424102	0.0000178804
1500	0.000422992	0.0000178511
1510	0.00042183	0.0000178195
1520	0.000420615	0.0000177857
1530	0.000419346	0.0000177497
1540	0.000418027	0.0000177115
1550	0.000416654	0.0000176711
1560	0.000415232	0.0000176286
1570	0.000413759	0.0000175839
1580	0.000412235	0.0000175371
1590	0.000410662	0.0000174881
1600	0.000409039	0.000017437
1610	0.000407369	0.0000173838
1620	0.000405651	0.0000173285
1630	0.000403884	0.0000172711
1640	0.000402072	0.0000172118
1650	0.000400213	0.0000171503
1660	0.000398307	0.0000170868
1670	0.000396357	0.0000170213
1680	0.000394362	0.0000169538
1690	0.000392323	0.0000168843
1700	0.000390241	0.0000168129
1710	0.000388117	0.0000167395
1720	0.000385949	0.0000166642
1730	0.000383742	0.000016587
1740	0.000381492	0.0000165079
1750	0.000379202	0.0000164269
1760	0.000376874	0.000016344
1770	0.000374507	0.0000162594
1780	0.000372101	0.0000161729
1790	0.000369658	0.0000160846
1800	0.000367178	0.0000159945
1810	0.000364662	0.0000159027
1820	0.000362111	0.0000158091
1830	0.000359526	0.0000157139
1840	0.000356906	0.0000156168
1850	0.000354254	0.0000155182
1860	0.000351569	0.0000154179
1870	0.00034885	0.000015316
1880	0.000346095	0.0000152124
1890	0.000343308	0.0000151073
1900	0.000340488	0.0000150007
1910	0.000337636	0.0000148924
1920	0.000334753	0.0000147827
1930	0.000331839	0.0000146715
1940	0.000328894	0.0000145588
1950	0.000325922	0.0000144447
1960	0.000322921	0.0000143292
1970	0.000319891	0.0000142122
1980	0.000316831	0.0000140939
1990	0.000313745	0.0000139743
2000	0.000310632	0.0000138534
2010	0.000307493	0.0000137311
2020	0.000304328	0.0000136076
2030	0.000301139	0.0000134829
2040	0.000297927	0.000013357
2050	0.000294691	0.0000132299
2060	0.000291433	0.0000131017
2070	0.000288155	0.0000129723
2080	0.000284856	0.0000128419
2090	0.000281536	0.0000127103
2100	0.000278199	0.0000125778
2110	0.000274844	0.0000124442
2120	0.000271473	0.0000123097
2130	0.000268084	0.0000121742
2140	0.000264681	0.0000120378
2150	0.000261263	0.0000119006
2160	0.000257832	0.0000117624
2170	0.000254388	0.0000116235
2180	0.000250934	0.0000114838
2190	0.000247468	0.0000113433
2200	0.000243993	0.0000112021
2210	0.000240509	0.0000110602
2220	0.000237016	0.0000109176
2230	0.000233518	0.0000107744
2240	0.000230013	0.0000106306
2250	0.000226504	0.0000104863
2260	0.00022299	0.0000103414
2270	0.000219474	0.000010196
2280	0.000215956	0.0000100502
2290	0.000212437	0.000009904
2300	0.000208918	0.00000975737
2310	0.000205401	0.00000961039
2320	0.000201885	0.0000094631
2330	0.000198373	0.0000093155
2340	0.000194865	0.0000091677
2350	0.000191363	0.00000901968
2360	0.000187866	0.00000887146
2370	0.000184378	0.00000872313
2380	0.000180897	0.00000857469
2390	0.000177427	0.00000842619
2400	0.000173967	0.00000827767
2410	0.000170519	0.00000812915
2420	0.000167084	0.0000079807
2430	0.000163663	0.00000783234
2440	0.000160258	0.00000768412
2450	0.000156869	0.00000753608
2460	0.000153497	0.00000738822
2470	0.000150144	0.00000724059
2480	0.000146811	0.00000709328
2490	0.000143499	0.00000694631
2500	0.000140208	0.00000679966
2510	0.000136941	0.00000665343
2520	0.0001337	0.00000650768
2530	0.000130483	0.0000063624
2540	0.000127293	0.00000621765
2550	0.000124133	0.0000060735
2560	0.000121001	0.00000592993
2570	0.000117899	0.00000578703
2580	0.00011483	0.00000564483
2590	0.000111793	0.00000550336
2600	0.000108791	0.00000536269
2610	0.000105825	0.00000522288
2620	0.000102895	0.00000508388
2630	0.000100003	0.00000494583
2640	0.00009715	0.00000480873
2650	0.0000943373	0.00000467264
2660	0.000091552	0.0000045376
2670	0.0000887887	0.00000440366
2680	0.0000860481	0.00000427086
2690	0.0000833312	0.00000413925
2700	0.0000806391	0.00000400887
2710	0.0000779726	0.00000387978
2720	0.0000753328	0.00000375202
2730	0.0000727205	0.00000362562
2740	0.0000701367	0.00000350065
2750	0.0000675825	0.00000337716
2760	0.0000650588	0.00000325518
2770	0.0000625666	0.00000313477
2780	0.0000601069	0.00000301601
2790	0.0000576807	0.00000289893
2800	0.0000552889	0.00000278355
2810	0.0000529327	0.00000266994
2820	0.000050613	0.00000255814
2830	0.0000483308	0.00000244821
2840	0.0000460872	0.00000234019
2850	0.0000438832	0.00000223413
2860	0.0000417199	0.00000213008
2870	0.0000395982	0.00000202809
2880	0.0000375192	0.00000192821
2890	0.000035484	0.00000183049
2900	0.0000334937	0.00000173498
2910	0.0000315492	0.00000164173
2920	0.0000296517	0.00000155078
2930	0.0000278023	0.00000146219
2940	0.0000260019	0.00000137599
2950	0.0000242518	0.00000129225
2960	0.0000225529	0.000001211
2970	0.0000209065	0.00000113229
2980	0.0000193135	0.00000105617
2990	0.000017775	0.000000982658
3000	0.0000162923	0.000000911819
3010	0.0000148663	0.000000843675
3020	0.0000134983	0.000000778266
3030	0.0000121892	0.000000715612
3040	0.0000109403	0.000000655741
3050	0.00000975264	0.000000598665
3060	0.00000862738	0.000000544394
3070	0.00000756563	0.000000492922
3080	0.00000656853	0.000000444231
3090	0.0000056372	0.00000039829
3100	0.00000477279	0.000000355046
3110	0.00000397643	0.000000314423
3120	0.00000324925	0.000000276319
3130	0.00000259239	0.000000240597
3140	0.00000200697	0.000000207088
3150	0.00000149412	0.00000017558
3160	0.00000105495	0.000000145818
3170	0.000000690565	0.000000117507
3180	0.000000402037	0.0000000903125
3190	0.00000019041	0.0000000638665
3200	0.0000000566543	0.0000000377859
3210	0.00000000155804	0.0000000117195
3212	0	0