0	0.000663197	0.0000028155
2	0.000666584	0.0000028294
4	0.00066987	0.00000284237
6	0.000673055	0.0000028544
8	0.000676041	0.00000286551
10	0.000678857	0.00000287568
12	0.00068152	0.00000288492
14	0.000684134	0.00000289419
16	0.000686687	0.00000290317
18	0.000689216	0.00000291204
20	0.000691714	0.00000292074
22	0.000694192	0.00000292934
24	0.000696645	0.00000293781
26	0.000699085	0.00000294622
28	0.00070151	0.00000295454
30	0.000703922	0.00000296281
32	0.000706326	0.00000297101
34	0.000708722	0.00000297916
36	0.000711111	0.00000298727
38	0.000713496	0.00000299535
40	0.000715876	0.00000300338
42	0.000718253	0.00000301139
44	0.000720628	0.00000301937
46	0.000722999	0.00000302733
48	0.000725369	0.00000303525
50	0.000727736	0.00000304315
52	0.000730101	0.00000305103
54	0.000732464	0.00000305888
56	0.000734825	0.00000306671
58	0.000737183	0.00000307451
60	0.00073954	0.00000308228
62	0.000741894	0.00000309002
64	0.000744246	0.00000309774
66	0.000746595	0.00000310543
68	0.000748939	0.00000311309
70	0.00075128	0.00000312072
72	0.000753618	0.00000312831
74	0.000755951	0.00000313588
76	0.000758281	0.0000031434
78	0.000760606	0.00000315089
80	0.000762926	0.00000315834
82	0.00076524	0.00000316576
84	0.00076755	0.00000317314
86	0.000769853	0.00000318047
88	0.00077215	0.00000318777
90	0.000774442	0.00000319502
92	0.000776727	0.00000320223
94	0.000779005	0.00000320939
96	0.000781277	0.00000321651
98	0.00078354	0.00000322359
100	0.000785796	0.00000323061
108	0.000794742	0.00000325822
116	0.000803551	0.000003285
124	0.000812209	0.00000331091
132	0.000820705	0.00000333589
140	0.000829029	0.00000335993
148	0.000837171	0.00000338297
156	0.000845125	0.00000340501
164	0.000852882	0.00000342602
172	0.000860436	0.00000344597
180	0.000867781	0.00000346486
188	0.00087491	0.00000348266
196	0.00088182	0.00000349937
204	0.000888506	0.00000351497
212	0.000894964	0.00000352948
220	0.00090119	0.00000354287
228	0.000907181	0.00000355515
236	0.000912935	0.00000356632
244	0.000918449	0.00000357638
252	0.000923719	0.00000358534
260	0.000928746	0.0000035932
268	0.000933526	0.00000359996
276	0.000938058	0.00000360564
284	0.000942341	0.00000361024
292	0.000946372	0.00000361377
300	0.000950154	0.00000361626
308	0.000953683	0.0000036177
316	0.000956959	0.00000361812
324	0.000959983	0.00000361754
332	0.000962753	0.00000361595
340	0.00096527	0.0000036134
348	0.000967534	0.00000360989
356	0.000969546	0.00000360545
364	0.000971305	0.00000360009
372	0.000972813	0.00000359386
380	0.00097407	0.00000358674
388	0.000975078	0.0000035788
396	0.000975835	0.00000357003
404	0.000976346	0.00000356069
412	0.00097661	0.00000355094
420	0.000976629	0.00000354043
428	0.000976405	0.0000035292
436	0.00097594	0.00000351726
444	0.000975235	0.00000350465
452	0.000974292	0.0000034914
460	0.000973113	0.00000347753
468	0.000971702	0.0000034631
476	0.000970059	0.00000344812
484	0.000968188	0.00000343263
492	0.000966091	0.00000341666
500	0.000963772	0.00000340026
508	0.000961231	0.00000338346
516	0.000958474	0.0000033663
524	0.000955503	0.00000334882
532	0.00095232	0.00000333105
540	0.000948931	0.00000331303
548	0.000945338	0.00000329479
556	0.000941543	0.00000327637
564	0.000937553	0.00000325783
572	0.000933368	0.00000323918
580	0.000928995	0.00000322049
588	0.000924437	0.00000320177
596	0.000919698	0.00000318308
604	0.000914783	0.00000316446
612	0.000909695	0.00000314593
620	0.000904439	0.00000312757
628	0.000899021	0.00000311016
636	0.000893443	0.00000309303
644	0.000887712	0.00000307621
652	0.000881832	0.00000305972
660	0.000875808	0.00000304362
668	0.000869646	0.00000302791
676	0.00086335	0.00000301264
684	0.000856926	0.00000299783
692	0.000850372	0.0000029835
700	0.000843688	0.00000296967
708	0.000836877	0.00000295636
716	0.000829945	0.00000294358
724	0.000822896	0.00000293136
732	0.000815736	0.00000291969
740	0.000808473	0.00000290859
748	0.000801108	0.00000289806
756	0.000793649	0.0000028881
764	0.000786103	0.0000028787
772	0.000778474	0.00000286986
780	0.000770767	0.00000286159
788	0.000762992	0.00000285385
796	0.000755151	0.00000284663
804	0.000747247	0.0000028399
812	0.000739256	0.00000283365
820	0.000731173	0.00000282783
828	0.000722986	0.00000282243
836	0.000714697	0.00000281739
844	0.000706311	0.00000281269
852	0.000697832	0.00000280827
860	0.000689266	0.00000280411
868	0.000680617	0.00000280014
876	0.000671884	0.00000279632
884	0.000663075	0.0000027926
892	0.000654191	0.00000278891
900	0.00064524	0.00000278521
908	0.000636224	0.00000278143
916	0.000627151	0.00000277751
924	0.000618023	0.00000277339
932	0.000608844	0.000002769
940	0.000599618	0.00000276427
948	0.000590352	0.00000275915
956	0.000581048	0.00000275356
964	0.000571714	0.00000274743
972	0.000562355	0.00000274069
980	0.000552977	0.00000273328
988	0.000543584	0.00000272513
996	0.000534182	0.00000271616
1004	0.000524776	0.00000270631
1012	0.000515375	0.00000269552
1020	0.000505981	0.00000268371
1028	0.000496603	0.00000267083
1036	0.000487244	0.00000265679
1044	0.000477912	0.00000264156
1052	0.000468612	0.00000262505
1060	0.000459351	0.00000260723
1068	0.000450135	0.00000258803
1076	0.00044097	0.0000025674
1084	0.000431862	0.0000025453
1092	0.000422818	0.00000252168
1100	0.000413834	0.0000024987
1108	0.000404914	0.00000247544
1116	0.000396061	0.00000245068
1124	0.000387284	0.00000242439
1132	0.000378587	0.00000239654
1140	0.000369977	0.00000236713
1148	0.000361461	0.00000233614
1156	0.000353046	0.00000230359
1164	0.000344737	0.00000226949
1172	0.000336541	0.00000223389
1180	0.000328466	0.00000219683
1188	0.000320517	0.00000215838
1196	0.000312701	0.00000211865
1204	0.000305026	0.00000207774
1212	0.000297497	0.00000203583
1220	0.000290123	0.0000019931
1228	0.00028291	0.00000194978
1236	0.000275864	0.00000190618
1244	0.000268994	0.00000186262
1252	0.000262305	0.00000181954
1260	0.000255806	0.00000177743
1268	0.000249503	0.00000173685
1276	0.000243404	0.00000169848
1284	0.000237515	0.0000016631
1292	0.000231845	0.00000163157
1300	0.000226399	0.00000160485
1308	0.000221185	0.00000158067
1316	0.000216109	0.00000156993
1324	0.000211074	0.00000155899
1332	0.000206084	0.00000154786
1340	0.000201142	0.00000153664
1348	0.00019625	0.00000152529
1356	0.000191411	0.00000151375
1364	0.000186629	0.00000150202
1372	0.000181906	0.00000149011
1380	0.000177245	0.000001478
1388	0.000172649	0.00000146571
1396	0.000168122	0.00000145323
1404	0.000163667	0.00000144058
1412	0.000159283	0.00000142774
1420	0.000154974	0.00000141474
1428	0.000150743	0.00000140156
1436	0.000146593	0.00000138821
1444	0.000142527	0.00000137471
1452	0.000138547	0.00000136106
1460	0.000134658	0.00000134727
1468	0.000130862	0.00000133334
1476	0.000127163	0.00000131929
1484	0.000123563	0.00000130512
1492	0.000120066	0.00000129086
1500	0.000116675	0.00000127652
1508	0.000113394	0.00000126211
1516	0.000110225	0.00000124765
1524	0.000107169	0.00000123317
1532	0.000104208	0.00000121868
1540	0.000101336	0.00000120421
1548	0.0000985579	0.00000118979
1556	0.0000958753	0.00000117543
1564	0.0000932911	0.00000116116
1572	0.0000908078	0.00000114702
1580	0.0000884283	0.00000113305
1588	0.0000861545	0.00000111918
1596	0.0000839486	0.00000110576
1604	0.0000817876	0.00000109228
1612	0.0000796728	0.00000107874
1620	0.0000776058	0.00000106514
1628	0.0000755877	0.00000105149
1636	0.0000736106	0.00000103778
1644	0.0000716698	0.00000102403
1652	0.0000697664	0.00000101023
1660	0.0000679019	0.000000996381
1668	0.0000660773	0.000000982495
1676	0.0000642938	0.000000968571
1684	0.0000625527	0.000000954611
1692	0.0000608553	0.000000940622
1700	0.0000592029	0.000000926606
1708	0.0000575966	0.000000912569
1716	0.0000560378	0.000000898514
1724	0.0000545277	0.000000884445
1732	0.0000530676	0.000000870369
1740	0.0000516587	0.00000085629
1748	0.0000503023	0.000000842214
1756	0.0000489996	0.000000828147
1764	0.000047752	0.000000814097
1772	0.0000465566	0.000000800068
1780	0.0000453997	0.000000786069
1788	0.0000442808	0.000000772103
1796	0.0000432008	0.000000758174
1804	0.0000421606	0.000000744291
1812	0.000041161	0.000000730463
1820	0.0000402032	0.000000716683
1828	0.0000392789	0.000000703017
1836	0.0000383673	0.000000689399
1844	0.000037468	0.000000675813
1852	0.0000365813	0.000000662266
1860	0.0000357076	0.000000648758
1868	0.0000348474	0.000000635296
1876	0.0000340006	0.000000621882
1884	0.0000331631	0.000000608519
1892	0.0000323343	0.000000595211
1900	0.0000315144	0.000000581963
1908	0.0000307029	0.000000568777
1916	0.0000298971	0.000000555656
1924	0.0000290969	0.000000542605
1932	0.0000283028	0.000000529629
1940	0.0000275148	0.00000051673
1948	0.0000267332	0.000000503912
1956	0.0000259585	0.000000491179
1964	0.0000251906	0.000000478534
1972	0.0000244299	0.000000465982
1980	0.0000236769	0.000000453527
1988	0.0000229315	0.000000441171
1996	0.0000221942	0.000000428919
2004	0.0000214652	0.000000416776
2012	0.0000207447	0.000000404743
2020	0.0000200331	0.000000392827
2028	0.0000193306	0.00000038103
2036	0.0000186374	0.000000369356
2044	0.0000179538	0.000000357809
2052	0.0000172796	0.000000346392
2060	0.0000166151	0.00000033511
2068	0.0000159606	0.000000323969
2076	0.0000153164	0.000000312976
2084	0.0000146827	0.000000302149
2092	0.0000140598	0.000000291483
2100	0.0000134479	0.000000280972
2108	0.0000128473	0.000000270621
2116	0.0000122584	0.000000260434
2124	0.0000116815	0.000000250417
2132	0.0000111167	0.000000240572
2140	0.0000105644	0.000000230903
2148	0.0000100247	0.000000221412
2156	0.0000094982	0.000000212106
2164	0.00000898498	0.000000202987
2172	0.00000848536	0.000000194057
2180	0.00000799962	0.000000185322
2188	0.00000752807	0.000000176783
2196	0.000007071	0.000000168445
2204	0.00000662867	0.00000016031
2212	0.00000620139	0.00000015238
2220	0.00000578946	0.000000144659
2228	0.00000539315	0.000000137149
2236	0.00000501276	0.000000129851
2244	0.00000464856	0.000000122767
2252	0.00000430086	0.000000115899
2260	0.00000396883	0.000000109247
2268	0.00000364881	0.000000102812
2276	0.00000334064	0.0000000965922
2284	0.00000304455	0.0000000905864
2292	0.00000276076	0.0000000847929
2300	0.00000248947	0.0000000792085
2308	0.00000223093	0.0000000738296
2316	0.00000198535	0.0000000686513
2324	0.00000175294	0.0000000636671
2332	0.00000153395	0.0000000588697
2340	0.00000132858	0.0000000542501
2348	0.00000113706	0.0000000497979
2356	0.000000959626	0.000000045501
2364	0.000000796481	0.0000000413457
2372	0.000000647864	0.000000037317
2380	0.000000513993	0.0000000333977
2388	0.000000395091	0.0000000295697
2396	0.000000291378	0.0000000258132
2404	0.000000203075	0.0000000221073
2412	0.000000130398	0.0000000184302
2420	0.0000000735586	0.0000000147592
2428	0.0000000327615	0.0000000110722
2436	0.00000000819507	0.00000000734791
2444	0	0