0	0	0
2	0.000000000000118332	4.42234e-16
4	0.0000000000369368	0.000000000000137716
6	0.00000000046667	0.00000000000173587
8	0.00000000210675	0.00000000000781819
10	0.0000000058742	0.0000000000217486
12	0.000000012493	0.0000000000461471
14	0.0000000224179	0.0000000000826173
16	0.0000000358646	0.00000000013187
18	0.0000000528692	0.00000000019395
20	0.0000000733443	0.000000000268452
22	0.000000097124	0.000000000354687
24	0.000000123996	0.000000000451802
26	0.000000153724	0.000000000558869
28	0.000000186065	0.000000000674938
30	0.000000220776	0.000000000799074
32	0.000000257622	0.000000000930378
34	0.00000029638	0.000000001068
36	0.000000336842	0.00000000121116
38	0.000000378813	0.00000000135911
40	0.000000422113	0.00000000151119
42	0.000000466577	0.00000000166678
44	0.000000512053	0.00000000182532
46	0.000000558403	0.0000000019863
48	0.000000605499	0.00000000214927
50	0.000000653227	0.00000000231379
52	0.000000701482	0.0000000024795
54	0.000000750167	0.00000000264605
56	0.000000799197	0.00000000281314
58	0.000000848492	0.00000000298049
60	0.000000897981	0.00000000314784
62	0.000000947599	0.00000000331498
64	0.000000997287	0.0000000034817
66	0.00000104699	0.00000000364782
68	0.00000109666	0.00000000381318
70	0.00000114626	0.00000000397763
72	0.00000119574	0.00000000414104
74	0.00000124507	0.00000000430331
76	0.00000129421	0.00000000446431
78	0.00000134314	0.00000000462397
80	0.00000139182	0.00000000478219
82	0.00000144024	0.00000000493892
84	0.00000148838	0.00000000509407
86	0.0000015362	0.0000000052476
88	0.00000158371	0.00000000539946
90	0.00000163087	0.0000000055496
92	0.00000167768	0.00000000569799
94	0.00000172412	0.00000000584459
96	0.00000177018	0.00000000598938
98	0.00000181586	0.00000000613233
100	0.00000186113	0.00000000627342
102	0.000001906	0.00000000641265
104	0.00000195046	0.00000000654999
106	0.0000019945	0.00000000668543
108	0.00000203812	0.00000000681898
110	0.00000208131	0.00000000695061
112	0.00000212407	0.00000000708034
114	0.0000021664	0.00000000720815
116	0.00000220828	0.00000000733405
118	0.00000224973	0.00000000745803
120	0.00000229074	0.00000000758012
122	0.0000023313	0.00000000770029
124	0.00000237142	0.00000000781857
126	0.0000024111	0.00000000793496
128	0.00000245034	0.00000000804946
130	0.00000248913	0.00000000816208
132	0.00000252748	0.00000000827283
134	0.00000256539	0.00000000838171
136	0.00000260285	0.00000000848875
138	0.00000263988	0.00000000859393
140	0.00000267647	0.00000000869728
142	0.00000271262	0.00000000879881
144	0.00000274834	0.00000000889852
146	0.00000278363	0.00000000899641
148	0.00000281848	0.00000000909251
150	0.00000285291	0.00000000918683
152	0.00000288691	0.00000000927936
154	0.00000292048	0.00000000937012
156	0.00000295363	0.00000000945912
158	0.00000298636	0.00000000954637
160	0.00000301868	0.00000000963187
162	0.00000305058	0.00000000971564
164	0.00000308206	0.00000000979768
166	0.00000311314	0.00000000987801
168	0.00000314381	0.00000000995662
170	0.00000317408	0.0000000100335
172	0.00000320394	0.0000000101087
174	0.0000032334	0.0000000101823
176	0.00000326247	0.0000000102541
178	0.00000329115	0.0000000103243
180	0.00000331943	0.0000000103928
182	0.00000334732	0.0000000104596
184	0.00000337483	0.0000000105247
186	0.00000340195	0.0000000105883
188	0.0000034287	0.0000000106501
190	0.00000345506	0.0000000107103
192	0.00000348105	0.0000000107689
194	0.00000350666	0.0000000108258
196	0.00000353191	0.0000000108811
198	0.00000355678	0.0000000109347
200	0.00000358129	0.0000000109867
202	0.00000360544	0.000000011037
204	0.00000362922	0.0000000110858
206	0.00000365265	0.0000000111329
208	0.00000367572	0.0000000111783
210	0.00000369843	0.0000000112221
212	0.0000037208	0.0000000112643
214	0.00000374281	0.0000000113049
216	0.00000376447	0.0000000113438
218	0.00000378579	0.000000011381
220	0.00000380676	0.0000000114166
222	0.0000038274	0.0000000114506
224	0.00000384769	0.0000000114829
226	0.00000386764	0.0000000115136
228	0.00000388726	0.0000000115426
230	0.00000390654	0.00000001157
232	0.00000392549	0.0000000115957
234	0.00000394411	0.0000000116197
236	0.00000396239	0.000000011642
238	0.00000398035	0.0000000116627
240	0.00000399799	0.0000000116816
242	0.0000040153	0.0000000116989
244	0.00000403228	0.0000000117145
246	0.00000404894	0.0000000117283
248	0.00000406529	0.0000000117405
250	0.00000408131	0.0000000117509
252	0.00000409701	0.0000000117596
254	0.0000041124	0.0000000117665
256	0.00000412747	0.0000000117717
258	0.00000414223	0.0000000117751
260	0.00000415667	0.0000000117768
262	0.0000041708	0.0000000117767
264	0.00000418462	0.0000000117748
266	0.00000419812	0.0000000117711
268	0.00000421132	0.0000000117656
270	0.00000422421	0.0000000117583
272	0.00000423679	0.0000000117492
274	0.00000424906	0.0000000117382
276	0.00000426103	0.0000000117254
278	0.00000427269	0.0000000117107
280	0.00000428404	0.0000000116942
282	0.00000429509	0.0000000116757
284	0.00000430583	0.0000000116554
286	0.00000431627	0.0000000116332
288	0.00000432641	0.0000000116091
290	0.00000433624	0.000000011583
292	0.00000434577	0.000000011555
294	0.000004355	0.000000011525
296	0.00000436392	0.0000000114931
298	0.00000437255	0.0000000114592
300	0.00000438087	0.0000000114233
302	0.00000438889	0.0000000113855
304	0.00000439661	0.0000000113456
306	0.00000440403	0.0000000113036
308	0.00000441114	0.0000000112597
310	0.00000441796	0.0000000112137
312	0.00000442448	0.0000000111656
314	0.00000443069	0.0000000111155
316	0.0000044366	0.0000000110633
318	0.00000444221	0.0000000110089
320	0.00000444752	0.0000000109525
322	0.00000445253	0.000000010894
324	0.00000445724	0.0000000108333
326	0.00000446165	0.0000000107704
328	0.00000446575	0.0000000107055
330	0.00000446955	0.0000000106383
332	0.00000447305	0.000000010569
334	0.00000447625	0.0000000104974
336	0.00000447915	0.0000000104237
338	0.00000448174	0.0000000103477
340	0.00000448402	0.0000000102696
342	0.00000448601	0.0000000101891
344	0.00000448768	0.0000000101065
346	0.00000448906	0.0000000100216
348	0.00000449013	0.00000000993437
350	0.00000449089	0.00000000984491
352	0.00000449135	0.00000000975316
354	0.0000044915	0.00000000965911
356	0.00000449134	0.00000000956276
358	0.00000449088	0.0000000094641
360	0.00000449011	0.00000000936311
362	0.00000448903	0.00000000925979
364	0.00000448764	0.00000000915414
366	0.00000448594	0.00000000904614
368	0.00000448393	0.00000000893597
370	0.00000448161	0.00000000882482
372	0.00000447898	0.00000000871133
374	0.00000447603	0.00000000859549
376	0.00000447278	0.00000000847729
378	0.00000446921	0.00000000835674
380	0.00000446533	0.00000000823382
382	0.00000446113	0.00000000810854
384	0.00000445662	0.00000000798088
386	0.0000044518	0.00000000785085
388	0.00000444666	0.00000000771843
390	0.0000044412	0.00000000758364
392	0.00000443543	0.00000000744647
394	0.00000442934	0.00000000730691
396	0.00000442293	0.00000000716497
398	0.0000044162	0.00000000702065
400	0.00000440915	0.00000000687394
402	0.00000440179	0.00000000672485
404	0.0000043941	0.00000000657338
406	0.00000438609	0.00000000641954
408	0.00000437777	0.00000000626331
410	0.00000436912	0.00000000610472
412	0.00000436015	0.00000000594376
414	0.00000435085	0.00000000578043
416	0.00000434124	0.00000000561475
418	0.0000043313	0.00000000544672
420	0.00000432104	0.00000000527635
422	0.00000431045	0.00000000510364
424	0.00000429954	0.00000000492861
426	0.00000428831	0.00000000475126
428	0.00000427675	0.0000000045716
430	0.00000426486	0.00000000438965
432	0.00000425265	0.00000000420542
434	0.00000424012	0.00000000401891
436	0.00000422726	0.00000000383015
438	0.00000421407	0.00000000363915
440	0.00000420056	0.00000000344592
442	0.00000418672	0.00000000325048
444	0.00000417256	0.00000000305285
446	0.00000415807	0.00000000285304
448	0.00000414325	0.00000000265108
450	0.00000412811	0.00000000244699
452	0.00000411264	0.00000000224078
454	0.00000409685	0.00000000203248
456	0.00000408073	0.00000000182211
458	0.00000406429	0.0000000016097
460	0.00000404752	0.00000000139527
462	0.00000403042	0.00000000117885
464	0.00000401301	0.000000000960461
466	0.00000399527	0.000000000740141
468	0.0000039772	0.000000000517916
470	0.00000395882	0.000000000293816
472	0.00000394011	0.000000000067875
474	0.00000392108	0.000000000267761
476	0.00000390173	0.000000000499572
478	0.00000388205	0.000000000733117
480	0.00000386206	0.000000000968358
482	0.00000384176	0.00000000120526
484	0.00000382113	0.00000000144377
486	0.00000380019	0.00000000168385
488	0.00000377893	0.00000000192547
490	0.00000375736	0.00000000216857
492	0.00000373547	0.00000000241311
494	0.00000371327	0.00000000265904
496	0.00000369076	0.00000000290632
498	0.00000366795	0.00000000315488
500	0.00000364482	0.00000000340469
502	0.00000362139	0.00000000365568
504	0.00000359766	0.0000000039078
506	0.00000357362	0.000000004161
508	0.00000354928	0.00000000441521
510	0.00000352464	0.00000000467039
512	0.0000034997	0.00000000492645
514	0.00000347447	0.00000000518336
516	0.00000344895	0.00000000544103
518	0.00000342313	0.0000000056994
520	0.00000339703	0.00000000595841
522	0.00000337064	0.00000000621799
524	0.00000334397	0.00000000647806
526	0.00000331701	0.00000000673855
528	0.00000328978	0.00000000699939
530	0.00000326226	0.0000000072605
532	0.00000323448	0.00000000752181
534	0.00000320643	0.00000000778323
536	0.00000317811	0.00000000804468
538	0.00000314952	0.00000000830607
540	0.00000312068	0.00000000856734
542	0.00000309157	0.00000000882837
544	0.00000306221	0.0000000090891
546	0.00000303261	0.00000000934941
548	0.00000300275	0.00000000960923
550	0.00000297265	0.00000000986846
552	0.00000294231	0.000000010127
554	0.00000291174	0.0000000103847
556	0.00000288094	0.0000000106416
558	0.00000284991	0.0000000108975
560	0.00000281865	0.0000000111522
562	0.00000278718	0.0000000114058
564	0.00000275549	0.000000011658
566	0.0000027236	0.0000000119089
568	0.0000026915	0.0000000121581
570	0.0000026592	0.0000000124057
572	0.00000262671	0.0000000126516
574	0.00000259403	0.0000000128955
576	0.00000256117	0.0000000131375
578	0.00000252813	0.0000000133772
580	0.00000249491	0.0000000136148
582	0.00000246153	0.0000000138499
584	0.00000242799	0.0000000140825
586	0.00000239429	0.0000000143124
588	0.00000236045	0.0000000145395
590	0.00000232646	0.0000000147637
592	0.00000229234	0.0000000149847
594	0.00000225809	0.0000000152026
596	0.00000222371	0.0000000154171
598	0.00000218923	0.000000015628
600	0.00000215463	0.0000000158353
602	0.00000211993	0.0000000160388
604	0.00000208514	0.0000000162382
606	0.00000205026	0.0000000164335
608	0.0000020153	0.0000000166246
610	0.00000198028	0.0000000168111
612	0.00000194519	0.000000016993
614	0.00000191004	0.0000000171701
616	0.00000187486	0.0000000173422
618	0.00000183963	0.0000000175091
620	0.00000180437	0.0000000176708
622	0.0000017691	0.0000000178268
624	0.00000173381	0.0000000179772
626	0.00000169852	0.0000000181217
628	0.00000166324	0.0000000182602
630	0.00000162798	0.0000000183923
632	0.00000159275	0.000000018518
634	0.00000155755	0.0000000186371
636	0.0000015224	0.0000000187492
638	0.00000148731	0.0000000188543
640	0.00000145228	0.0000000189521
642	0.00000141734	0.0000000190425
644	0.00000138248	0.0000000191251
646	0.00000134773	0.0000000191998
648	0.00000131308	0.0000000192664
650	0.00000127857	0.0000000193246
652	0.00000124418	0.0000000193742
654	0.00000120995	0.000000019415
656	0.00000117587	0.0000000194468
658	0.00000114197	0.0000000194692
660	0.00000110825	0.0000000194822
662	0.00000107473	0.0000000194854
664	0.00000104142	0.0000000194786
666	0.00000100833	0.0000000194615
668	0.000000975476	0.0000000194339
670	0.000000942876	0.0000000193955
672	0.000000910539	0.0000000193461
674	0.000000878481	0.0000000192855
676	0.000000846715	0.0000000192132
678	0.000000815257	0.0000000191292
680	0.00000078412	0.000000019033
682	0.000000753321	0.0000000189245
684	0.000000722874	0.0000000188089
686	0.000000692795	0.0000000186843
688	0.000000663098	0.0000000185468
690	0.000000633802	0.0000000183961
692	0.000000604921	0.0000000182318
694	0.000000576471	0.0000000180538
696	0.000000548471	0.0000000178616
698	0.000000520936	0.0000000176551
700	0.000000493884	0.0000000174338
702	0.000000467332	0.0000000171976
704	0.000000441298	0.000000016946
706	0.0000004158	0.0000000166788
708	0.000000390856	0.0000000163956
710	0.000000366485	0.0000000160962
712	0.000000342705	0.0000000157801
714	0.000000319535	0.0000000154471
716	0.000000296995	0.0000000150968
718	0.000000275105	0.0000000147289
720	0.000000253883	0.000000014343
722	0.00000023335	0.0000000139388
724	0.000000213528	0.0000000135159
726	0.000000194435	0.0000000130741
728	0.000000176093	0.0000000126128
730	0.000000158524	0.0000000121318
732	0.000000141749	0.0000000116307
734	0.00000012579	0.0000000111092
736	0.000000110668	0.0000000105667
738	0.0000000964068	0.000000010003
740	0.0000000830284	0.00000000941771
742	0.0000000705561	0.00000000881038
744	0.000000059013	0.00000000818063
746	0.0000000484228	0.00000000752808
748	0.0000000388093	0.00000000685231
750	0.0000000301969	0.00000000615291
752	0.0000000226099	0.00000000542949
754	0.0000000160734	0.00000000468161
756	0.0000000106123	0.00000000390887
758	0.00000000625232	0.00000000311082
760	0.00000000301909	0.00000000228705
762	0.000000000938778	0.00000000143711
764	0.0000000000378313	0.000000000560569
764.5	0	0