5.905298899879695540e+01
4.503961009876844912e+01
3.283522071861055025e+01
2.358028422154329107e+01
1.798465132890818552e+01
1.501311191543674894e+01
1.291550056348023467e+01
1.078150945937214900e+01
8.733263651439493458e+00
7.400837522783552558e+00
6.366804508736107593e+00
6.271705643382404993e+00
6.761848040891500489e+00
7.290295738983293639e+00
7.400837522783552558e+00
6.864377042592976430e+00
6.271705643382404993e+00
5.730203941646054844e+00
5.644610529081921513e+00
5.905297416664254229e+00
5.994843817694809118e+00
6.463349083817725216e+00
6.864377042592976430e+00
7.074134703192521911e+00
7.181400927388295941e+00
7.290295738983293639e+00
7.290295738983293639e+00
7.290295738983293639e+00
7.626988032236071469e+00
8.100220323889177010e+00
9.000121916928430110e+00
9.850632227943970420e+00
9.999996053092317538e+00
9.703493788166056788e+00
9.136594812730432835e+00
8.347734979576328485e+00
7.626988032236071469e+00
6.968468679030769053e+00
6.561353868992016558e+00
6.561353868992016558e+00
6.660848540199955536e+00
6.463349083817725216e+00
6.271705643382404993e+00
6.085744583364029126e+00
5.905297416664254229e+00
5.560298837723605558e+00
5.004335845604186872e+00
4.503962464336137117e+00
3.993072806601424052e+00
3.487254133304478199e+00
3.138572474270866941e+00
2.824752984580697568e+00
2.619996652900278278e+00
2.393783666238584296e+00
2.288111086270606442e+00
2.187103378201693538e+00
2.090554613210572121e+00
1.998267953117743634e+00
1.910054152528592120e+00
1.825735609870387854e+00
1.745139274054639422e+00
1.668100829815199804e+00
1.547186113147781317e+00
1.456795754869471216e+00
1.311133704965031788e+00
1.197929869706663375e+00
1.094500101172896533e+00
1.015163668230504745e+00
9.415780521087578903e-01
8.733263964797610690e-01
7.860042631459103202e-01
8.223045541810969361e-01
7.400839912728068848e-01
6.660844955233730103e-01
6.463349315729067790e-01
5.994844032795714206e-01
5.560299037232609987e-01
5.157249707422415508e-01
5.004336025164692892e-01
4.641589444277023357e-01
4.305137077303851090e-01
4.053620547037816157e-01
3.759787961404125189e-01
3.487254258430594334e-01
3.234475557605841489e-01
3.045511413675794365e-01
